stamp 1317035079 668137000
estimate
    0.715294    -0.698795   0.00638953      21.9475
    0.698761     0.715322   0.00690731      11.9756
 -0.00939737 -0.000476007     0.999956      1.72376
           0            0            0            1
odom
    0.71525   -0.698851   0.0049623     21.9463
   0.698779    0.715254   0.0109501     11.9777
 -0.0112018 -0.00436447    0.999928   0.0719719
          0           0           0           1
accum_distance 25.8747
floor_coeffs -0.00600162  0.00891401    0.999942     1.72103
id 23
