stamp 1317035075 950270000
estimate
   0.916328   -0.400058   0.0172184     10.6526
    0.40017    0.916434 -0.00350731      2.5291
 -0.0143764   0.0101041    0.999846     1.75601
          0           0           0           1
odom
   0.916345   -0.400171   0.0132277     10.6522
   0.400202    0.916427 0.000325932     2.53014
 -0.0122527   0.0049951    0.999912   0.0559136
          0           0           0           1
accum_distance 11.0166
floor_coeffs -0.0158949  0.0112561    0.99981    1.75581
id 11
