stamp 1317035072 748584000
estimate
    0.999024   -0.0383606    0.0218813      1.02239
    0.038371     0.999264 -5.34913e-05    0.0661033
  -0.0218632  0.000893048     0.999761      1.75502
           0            0            0            1
odom
   0.999111  -0.0384487   0.0172738     1.02235
  0.0383981    0.999257  0.00325183   0.0661861
  -0.017386 -0.00258566    0.999846   0.0157521
          0           0           0           1
accum_distance 1.02462
floor_coeffs  -0.0207129 0.000855613    0.999785     1.74322
id 3
