stamp 1317035081 529889000
estimate
   0.931391   -0.364017  0.00158867      28.022
      0.364    0.931376  0.00663413      15.841
-0.00389458  -0.0056007    0.999977     1.76808
          0           0           0           1
odom
   0.931353   -0.364101  0.00335988     28.0205
   0.364058    0.931329  0.00940491     15.8437
 -0.0065535 -0.00753611     0.99995   0.0976828
          0           0           0           1
accum_distance 33.1357
floor_coeffs -0.00287793 -0.00723574     0.99997     1.77499
id 29
