stamp 1317035077 188918000
estimate
   0.816216    -0.57761   0.0125585     14.9582
   0.577701    0.816233 -0.00511095     4.99934
-0.00729853   0.0114267    0.999908     1.74394
          0           0           0           1
odom
    0.816188    -0.577709   0.00941699      14.9577
    0.577741      0.81622 -0.000867179      5.00072
 -0.00718535   0.00614836     0.999955     0.046696
           0            0            0            1
accum_distance 15.9886
floor_coeffs -0.00491286    0.016232    0.999856      1.7396
id 15
