stamp 1317035074 401283000
estimate
   0.973988    -0.22643 -0.00881978     5.95593
    0.22636    0.974008 -0.00829544    0.876637
  0.0104689  0.00608321    0.999927     1.75943
          0           0           0           1
odom
   0.973914   -0.226536  -0.0131375      5.9558
   0.226491    0.974001 -0.00482466    0.877195
  0.0138889  0.00172328    0.999902   0.0317584
          0           0           0           1
accum_distance 6.03177
floor_coeffs  0.0113739 0.00614471   0.999916    1.76811
id 7
