stamp 1317035076 259996000
estimate
    0.898183    -0.439318    0.0163508       11.671
    0.439386     0.898298 -0.000628481      3.00936
  -0.0144118   0.00774879     0.999866      1.74642
           0            0            0            1
odom
  0.898195  -0.439417  0.0126029    11.6706
  0.439412    0.89828 0.00332117    3.01047
-0.0127803 0.00255479   0.999915  0.0504737
         0          0          0          1
accum_distance 12.1426
floor_coeffs -0.0138481  0.0073683   0.999877    1.74638
id 12
