stamp 1317035076 879301000
estimate
   0.848641   -0.528903  0.00833381     13.8586
   0.528949     0.84864  -0.0047814     4.28048
-0.00454351  0.00846586    0.999954     1.75094
          0           0           0           1
odom
    0.848609    -0.528996   0.00506895      13.8581
    0.529006     0.848618 -0.000613765      4.28175
 -0.00397692   0.00320235     0.999987    0.0432599
           0            0            0            1
accum_distance 14.6749
floor_coeffs -0.00541757  0.00519238    0.999972     1.76253
id 14
