stamp 1317035076 569623000
estimate
   0.875895   -0.482258   0.0153158     12.7494
   0.482405    0.875913 -0.00782949     3.57751
 -0.0096395   0.0142462    0.999852     1.72744
          0           0           0           1
odom
   0.875885   -0.482376   0.0118012      12.749
   0.482445    0.875918 -0.00376249     3.57865
-0.00852191  0.00898892    0.999923   0.0349856
          0           0           0           1
accum_distance 13.3616
floor_coeffs -0.00936222   0.0158391    0.999831     1.71942
id 13
