stamp 1317035080 909693000
estimate
   0.864454   -0.502708 -0.00219024     25.7287
   0.502708    0.864419  0.00811572     14.8214
-0.00218655 -0.00811672    0.999965     1.75642
          0           0           0           1
odom
   0.864411   -0.502784 -0.00145586     25.7272
   0.502766    0.864347    0.011439     14.8239
-0.00449298    -0.01062    0.999934   0.0836692
          0           0           0           1
accum_distance 30.6247
floor_coeffs -0.00181954 -0.00505549    0.999986     1.76817
id 27
