stamp 1317035081 219850000
estimate
   0.900722   -0.434393  0.00167128     26.8451
    0.43438    0.900715  0.00515335     15.3593
-0.00374393 -0.00391577    0.999985     1.74966
          0           0           0           1
odom
   0.900682    -0.43447  0.00285607     26.8437
   0.434436    0.900665  0.00821479     15.3619
-0.00614145 -0.00615813    0.999962   0.0975821
          0           0           0           1
accum_distance 31.8641
floor_coeffs 0.00222317 0.00204803   0.999995    1.73147
id 28
