stamp 1317035079 978517000
estimate
   0.746719   -0.665113  0.00595392     22.8393
   0.665048    0.746735  0.00990146     12.8175
 -0.0110316 -0.00343397    0.999933     1.73865
          0           0           0           1
odom
   0.746675    -0.66517  0.00504924      22.838
   0.665063    0.746659   0.0138556     12.8197
 -0.0129864 -0.00698753    0.999891   0.0752932
          0           0           0           1
accum_distance 27.1011
floor_coeffs   -0.011158 0.000282253    0.999938     1.74382
id 24
