stamp 1317035081 839873000
estimate
   0.955967   -0.293453  0.00353121     29.2659
   0.293427     0.95596  0.00641017     16.2423
-0.00525677 -0.00509177    0.999973     1.77711
          0           0           0           1
odom
   0.955929    -0.29354   0.0057864     29.2643
   0.293484    0.955923  0.00883713     16.2451
 -0.0081254 -0.00674945    0.999944    0.102745
          0           0           0           1
accum_distance 34.4428
floor_coeffs   0.00182434 -0.000961558     0.999998      1.77402
id 30
