stamp 1317035073 161787000
estimate
    0.996068   -0.0876194    0.0131062      2.29371
   0.0876084     0.996154   0.00141598     0.194744
  -0.0131799 -0.000262203     0.999913      1.77369
           0            0            0            1
odom
    0.99611  -0.0877014  0.00855496     2.29364
  0.0876633    0.996139   0.0047228    0.194957
-0.00893613 -0.00395447    0.999952   0.0224939
          0           0           0           1
accum_distance 2.30242
floor_coeffs  -0.0167787 -0.00250828    0.999856     1.78563
id 4
