stamp 1317035075 227468000
estimate
    0.94779   -0.318537   0.0151006      8.4471
   0.318569      0.9479 0.000287091     1.64486
 -0.0144053  0.00453848    0.999886     1.78192
          0           0           0           1
odom
   0.947817   -0.318632   0.0108428     8.44679
   0.318607    0.947879   0.0039301     1.64573
 -0.0115299 -0.00027041    0.999933   0.0591572
          0           0           0           1
accum_distance 8.64038
floor_coeffs -0.0210567 0.00682514   0.999755    1.79062
id 9
