stamp 1317035073 574986000
estimate
   0.990917   -0.134197  0.00863818     3.55399
   0.134202    0.990954 4.45217e-05    0.354836
-0.00856601  0.00111514    0.999963     1.72975
          0           0           0           1
odom
   0.990935   -0.134285  0.00405187     3.55404
   0.134271    0.990939  0.00337833    0.355065
-0.00446881 -0.00280365    0.999986 -0.00497843
          0           0           0           1
accum_distance 3.57325
floor_coeffs -0.00978559  0.00187083     0.99995     1.73154
id 5
