stamp 1317035074 814354000
estimate
    0.962011    -0.273009 -0.000429115      7.19928
    0.273005     0.962005  -0.00388032      1.21429
  0.00147217   0.00361577     0.999992       1.7516
           0            0            0            1
odom
    0.961974    -0.273102  -0.00470437      7.19912
    0.273104     0.961985 -0.000335276      1.21496
   0.0046171 -0.000962255     0.999989    0.0321218
           0            0            0            1
accum_distance 7.32016
floor_coeffs 0.00471024 0.00171076   0.999987    1.74714
id 8
