stamp 1317035084 420785000
estimate
   0.960817    0.276628   0.0175536     42.2792
  -0.277031    0.960461   0.0277021     15.8225
-0.00919634  -0.0314795    0.999462     1.76477
          0           0           0           1
odom
   0.960754    0.276354   0.0240937     42.2773
  -0.276941    0.960538   0.0259014     15.8263
  -0.015985  -0.0315574    0.999374 -0.00627148
          0           0           0           1
accum_distance 47.6524
floor_coeffs -0.0124138 -0.0323033   0.999401    1.76217
id 41
