stamp 1317035085 659240000
estimate
   0.885284     0.46499  0.00756658     48.6957
  -0.464967    0.885316 -0.00467835     13.0622
 -0.0088742 0.000623455     0.99996     1.76764
          0           0           0           1
odom
   0.885188    0.464902   0.0175528     48.6941
  -0.464896    0.885353 -0.00463699     13.0666
 -0.0176962 -0.00405562    0.999835  -0.0197651
          0           0           0           1
accum_distance 54.6544
floor_coeffs -0.00388704  0.00932412    0.999949     1.76352
id 47
