stamp 1317035077 498574000
estimate
    0.782757    -0.622182     0.013479      15.9969
     0.62224     0.782826 -0.000229387       5.8628
   -0.010409    0.0085667     0.999909      1.75551
           0            0            0            1
odom
  0.782734  -0.622267  0.0105443    15.9962
  0.622263   0.782798 0.00406023    5.86432
-0.0107806 0.00338322   0.999936   0.057874
         0          0          0          1
accum_distance 17.3394
floor_coeffs -0.00760877  0.00888294    0.999932     1.74647
id 16
