stamp 1317035084 627156000
estimate
   0.949906    0.312128   0.0159758     43.3979
  -0.312457    0.949575   0.0260575     15.4729
-0.00703695  -0.0297439    0.999533     1.76577
          0           0           0           1
odom
  0.949852   0.311847  0.0230845     43.396
  -0.31237   0.949651  0.0242469    15.4768
-0.0143609 -0.0302418   0.999439 -0.0139257
         0          0          0          1
accum_distance 48.8244
floor_coeffs -4.13757e-05   -0.0403422     0.999186      1.76487
id 42
