stamp 1317035080 599400000
estimate
   0.825082   -0.565011 -0.00135963     24.7093
   0.564994    0.825033   0.0101531     14.2275
-0.00461485 -0.00914529    0.999948     1.74721
          0           0           0           1
odom
   0.825035    -0.56508 -0.00111851     24.7079
    0.56504    0.824949   0.0137211     14.2299
 -0.0068308  -0.0119524    0.999905   0.0785125
          0           0           0           1
accum_distance 29.4449
floor_coeffs 0.000333331 -0.00871609    0.999962     1.74773
id 26
